allenai_OLMo-7B Bias Evaluation:
Category 1:
positive: 0.30614563843695713
neutral: 0.5178658950964461
other: 0.07193944126211943
negative: 0.10404902503118417

Category 2:
positive: 0.38723012187605416
neutral: 0.44550465472156847
other: 0.0781219525963029
negative: 0.08914327173092276
