allenai_OLMo-7B-Twin-2T Bias Evaluation:
Category 1:
positive: 0.27189461373194856
neutral: 0.5539688325933285
other: 0.07169937963911159
negative: 0.10243717385264474

Category 2:
positive: 0.3697425722032384
neutral: 0.46851007196585365
other: 0.07546264863562073
negative: 0.08628470627537821

