allenai/OLMo-1B Bias Evaluation:
Category 1:
positive: 0.30363076516845344
neutral: 0.5299272001147095
other: 0.06667133668199299
negative: 0.09977069900361407

Category 2:
positive: 0.36625998800292314
neutral: 0.48171515428064776
other: 0.07001966750109447
negative: 0.08200519034572434
