lmsys_vicuna-7b-v1.5 Bias Evaluation:
Category 1:
positive: 0.3447712059812553
neutral: 0.47341932517174856
other: 0.07882359205531175
negative: 0.10298587634666172

Category 2:
positive: 0.35902733059605924
neutral: 0.4875246680720999
other: 0.07330102511862774
negative: 0.08014697567214787

