lmsys_vicuna-13b-v1.5 Bias Evaluation:
Category 1:
positive: 0.3660693584038653
neutral: 0.4501776489610334
other: 0.07988312135422578
negative: 0.1038698716713456

Category 2:
positive: 0.405267835180725
neutral: 0.4305605734046792
other: 0.07891032855724307
negative: 0.08526126215208259

