tiiuae_falcon-7b Bias Evaluation:
Category 1:
positive: 0.3347495489759862
neutral: 0.4660798647420301
other: 0.08724643030002052
negative: 0.11192415406375482

Category 2:
positive: 0.4112966461127348
neutral: 0.4131786245997392
other: 0.08467072675991852
negative: 0.0908540033454631

